3006 30069 3 25
30069 888301 1 36
3010 888301 1 48
3363 3369 3 19
33671 3363 3 17
33681 3643 1 55
33681 88810 3 30
33691 33671 3 16
3369 33691 3 15
3369 3370 3 23
33701 3369 3 18
3370 34211 3 24
3393 88817 1 52
3395 3393 1 50
3402 8979 3 26
3417 3681 1 48
3419 3417 1 43
34211 33681 1 53
34212 33701 3 23
34212 34213 3 39
34213 34222 3 37
34214 34211 1 66
34221 34214 1 69
34222 888241 3 35
34371 88821 1 74
34372 3450 5 17
34481 34371 1 70
34501 34481 1 55
34502 88812 5 10
3450 34502 5 14
3453 46312 5 19
34551 34554 1 53
34552 88803 5 11
34554 34501 1 55
34554 888302 1 51
3457 3664 5 21
3458 88819 3 18
3459 3615 3 22
3460 78201 3 25
3470 3006 1 36
34781 36662 3 17
34783 88805 1 48
3480 88818 1 35
3480 888302 1 66
3483 88825 1 72
3484 4640 3 47
3488 3489 3 22
3489 88816 3 26
3491 3010 3 26
34982 36661 3 16
3498 3499 3 18
3499 88822 5 8
3500 3499 5 7
3502 3500 5 9
3503 3502 5 13
3504 888231 5 11
3505 3504 5 10
3506 3483 1 68
35071 3488 3 18
35071 3505 5 10
3615 3460 3 24
3632 46322 1 50
3633 3632 1 72
3637 888151 1 68
3639 88814 1 77
3643 88813 1 85
3644 3690 1 75
36511 46502 1 61
3651 4632 1 77
3664 3458 3 19
36661 34783 3 16
36662 3498 3 18
3681 3395 1 49
36821 3491 1 36
36821 34982 5 17
3690 3643 1 80
3692 46332 3 47
3715 3457 5 24
46312 46319 3 35
46319 46512 3 35
46322 36511 1 68
46332 46522 1 58
4640 4643 1 52
4643 3480 1 52
4643 88801 3 38
4643 88806 3 24
4647 46478 3 48
46478 46479 3 43
46479 781 3 37
4648 46488 3 37
46488 762 3 37
4649 46497 3 34
4649 46499 1 77
46495 4649 1 67
46497 877 3 31
46498 4649 1 77
46499 811 1 77
4650 3651 1 71
4651 4631 1 71
4652 4633 1 76
50018 760 5 24
50019 50018 5 21
50045 50049 3 25
50048 893 5 15
50049 50048 5 19
50058 50045 3 25
50059 50058 3 37
50076 7881 3 32
50076 7883 3 38
50078 50079 3 30
50079 50076 3 35
50098 50099 5 18
50099 787 3 29
50106 8212 1 69
50107 50109 1 65
50108 50106 1 73
50109 910 1 55
5011 50119 1 77
50119 930 1 77
50178 50019 5 24
50179 50178 3 27
722 50059 3 36
724 722 1 33
752 875 3 26
756 752 3 26
760 756 3 25
762 50078 3 32
781 50098 5 24
78201 88820 3 28
7861 50179 3 20
7861 7871 5 13
786 7861 3 16
7871 7881 3 15
787 50179 3 42
787 788 3 33
787 7882 5 20
7881 870 5 9
7882 7891 5 20
7883 7891 3 35
788 868 3 39
7891 789 3 35
789 7908 3 25
7908 7909 3 25
7909 793 1 45
7918 7919 5 13
7919 786 3 16
793 7918 3 15
793 877 1 61
8111 46495 1 67
811 818 1 73
8182 8111 1 70
818 821 1 77
8212 8182 1 72
821 50107 1 74
868 870 3 29
870 4651 5 22
875 3402 3 26
877 46498 1 77
877 793 3 28
88801 36821 3 36
88803 34781 5 13
88805 34551 1 54
88806 88807 3 26
88807 3506 1 54
88807 35071 5 12
88810 34212 3 27
88812 88827 5 11
888131 3639 1 84
88813 888131 1 86
888141 3637 1 76
88814 888141 1 77
888151 3633 1 65
888161 3419 1 43
88816 888161 1 40
888171 3644 1 68
88817 888171 1 63
888181 3715 3 29
88818 888181 1 32
888191 3459 3 21
88819 888191 3 19
888201 3470 3 24
88820 888201 3 29
888211 34221 1 67
88821 888211 1 67
888221 3010 1 34
88822 888221 3 18
888231 3503 3 15
888241 88824 3 29
88824 34372 3 27
88825 3484 1 71
88827 34552 5 10
88827 888303 5 13
888301 3692 3 42
888302 888303 1 58
888303 3453 3 43
893 4652 1 74
896 724 3 29
8978 896 3 29
8979 8978 3 24
9101 50108 1 72
910 931 1 52
930 9101 1 73
930 931 1 55
931 4650 1 50
991001 992001 1 90
991002 992004 1 94
991003 992007 1 89
991004 992010 1 80
991005 992013 1 78
991006 992016 1 81
991007 992019 1 75
991008 992022 1 73
991009 992025 1 82
991010 992028 1 73
991011 992031 1 79
991012 992034 1 74
991013 992037 1 59
991015 992042 1 77
991016 992045 1 82
991017 992048 1 70
991018 992051 1 56
991019 992054 3 42
991020 992057 3 45
991021 992060 1 60
991022 992063 1 68
991023 992066 1 75
991024 992069 1 70
991025 992072 1 31
991026 992075 3 30
991027 992078 1 77
991028 992083 1 45
991029 992084 1 85
991030 992086 1 33
991031 992090 1 54
991032 992093 1 39
991033 992098 1 56
991034 992101 1 73
991035 992104 1 40
991035 992105 1 70
991036 992108 1 66
991037 992111 1 71
991038 992114 3 47
991040 992119 3 44
991041 992122 1 70
991042 992125 1 75
991044 992130 1 78
991045 992133 1 66
991046 992136 1 57
991048 992139 3 43
991049 992144 3 45
991050 992145 3 39
991051 992148 3 36
991052 992151 3 28
991053 992154 3 42
991054 992157 1 67
991055 992160 1 70
991056 992163 1 82
991057 992166 3 44
991058 992169 3 39
991059 992172 3 39
991060 992175 3 40
991061 992178 3 40
991062 992181 3 40
991063 992184 1 84
991064 992187 1 77
991065 992190 1 77
991066 992193 1 68
991067 992196 1 67
991068 992199 5 14
991069 992202 3 31
991070 992205 1 84
991071 992208 1 81
991072 992211 1 78
991073 992214 1 77
991074 992217 1 59
991075 992220 1 57
991076 992223 1 63
991077 992226 1 69
991078 992229 1 78
991079 992232 1 52
991080 992235 1 74
991081 992238 1 65
991082 992241 1 59
991084 992246 3 25
991085 992248 1 38
991086 992252 1 42
991087 992254 1 37
991088 992258 1 43
991089 992261 1 57
991090 992264 1 30
991091 992267 1 59
991092 992270 1 55
991093 992273 1 46
991094 992276 1 39
991095 992279 1 66
991096 992282 1 58
991097 992285 1 63
992001 992002 1 92
992002 992003 1 94
992003 991002 1 94
992004 992005 1 92
992005 992006 1 89
992006 991003 1 89
992007 993001 1 88
992008 992009 1 80
992009 991004 1 80
992010 992011 1 79
992011 992012 1 78
992012 991005 1 78
992013 992040 1 76
992014 992015 1 80
992015 991006 1 80
992016 992017 1 77
992017 992018 1 75
992018 991007 1 75
992019 992020 1 73
992020 992021 1 73
992021 991008 1 73
992022 992023 1 77
992023 992024 1 82
992024 991009 1 82
992025 992026 1 77
992026 992027 1 71
992027 991010 1 74
992028 992029 1 76
992029 992030 1 79
992030 991011 1 79
992031 993002 1 79
992032 992033 1 76
992033 991012 1 75
992034 992035 1 66
992035 992036 1 60
992036 991013 1 60
992037 993003 1 59
992038 992039 1 73
992039 991014 1 74
992040 992041 1 77
992041 991015 1 77
992042 992043 1 80
992043 992044 1 81
992044 991016 1 76
992045 992046 1 77
992046 992047 1 70
992047 991017 1 70
992048 993005 1 69
992049 992050 1 56
992050 991018 1 56
992051 992052 1 52
992052 992053 3 47
992053 991019 3 47
992054 993006 3 42
992055 992056 3 47
992056 991020 3 47
992057 993007 3 46
992058 992059 1 60
992059 991021 1 60
992060 992061 1 71
992061 992062 1 77
992062 991022 1 81
992063 992064 1 71
992064 992065 1 75
992065 991023 1 75
992066 993011 1 78
992067 992068 1 70
992068 991024 1 70
992069 992095 1 66
992070 992071 1 30
992071 991025 1 30
992072 993009 3 17
992073 992074 3 29
992074 991026 3 29
992075 993006 5 21
992076 992077 1 77
992077 991027 1 77
992078 993010 1 76
992079 992081 1 50
992080 992082 1 85
992081 991028 1 50
992082 991029 1 85
992083 992070 3 23
992084 993011 1 81
992085 991030 1 33
992086 992087 1 33
992087 993012 3 29
992088 992089 1 54
992089 991031 1 54
992090 993013 1 55
992091 992092 1 39
992092 991032 1 39
992093 992094 1 30
992094 992096 1 30
992095 992097 1 62
992096 991033 1 30
992097 991033 1 62
992098 992099 1 64
992099 992100 1 73
992100 991034 1 73
992101 992102 1 68
992102 992103 1 64
992103 991035 1 67
992104 992085 1 32
992105 992106 1 68
992106 992107 1 66
992107 991036 1 66
992108 993014 1 64
992109 992110 1 71
992110 991037 1 71
992111 992112 1 60
992112 992113 3 47
992113 991038 3 47
992114 993015 3 47
992115 993016 3 49
992116 991039 3 49
992117 992118 3 49
992118 991040 3 49
992119 992120 1 57
992120 992121 1 70
992121 991041 1 70
992122 993013 1 72
992123 992124 1 75
992124 991042 1 75
992125 993017 1 75
992126 992127 1 79
992127 991043 1 81
992128 992129 1 78
992129 991044 1 78
992130 992131 1 73
992131 992132 1 70
992132 991045 1 70
992133 992134 1 61
992134 992135 1 57
992135 991046 1 57
992136 993019 1 57
992137 992138 1 62
992138 991047 1 63
992139 993021 3 41
992140 992142 3 44
992141 992143 3 39
992142 991049 3 44
992143 991050 3 39
992144 992164 3 43
992145 992146 3 37
992146 992147 3 36
992147 991051 3 36
992148 992149 3 34
992149 992150 3 28
992150 991052 3 28
992151 992152 3 32
992152 992153 3 42
992153 991053 3 42
992154 992155 3 35
992155 992156 3 30
992156 991054 3 27
992157 992158 1 68
992158 992159 1 70
992159 991055 1 70
992160 993022 1 70
992161 992162 1 78
992162 991056 1 71
992163 993024 1 70
992164 992165 3 44
992165 991057 3 44
992166 992167 3 38
992167 992168 3 39
992168 991058 3 39
992169 992170 3 39
992170 992171 3 39
992171 991059 3 39
992172 992173 3 41
992173 992174 3 40
992174 991060 3 40
992175 992176 3 40
992176 992177 3 40
992177 991061 3 40
992178 992179 3 40
992179 992180 3 40
992180 991062 3 40
992181 992182 3 44
992182 992183 3 46
992183 991063 3 43
992184 992185 1 81
992185 992186 1 78
992186 991064 1 78
992187 992188 1 77
992188 992189 1 77
992189 991065 1 77
992190 992191 1 75
992191 992192 1 68
992192 991066 1 68
992193 992194 1 67
992194 992195 1 64
992195 991067 1 63
992196 993025 1 63
992197 992198 5 14
992198 991068 5 14
992199 992200 5 23
992200 992201 3 31
992201 991069 3 31
992202 992203 1 68
992203 992204 1 84
992204 991070 1 84
992205 992206 1 84
992206 992207 1 81
992207 991071 1 81
992208 992209 1 81
992209 992210 1 78
992210 991072 1 78
992211 992212 1 78
992212 992213 1 77
992213 991073 1 77
992214 992215 1 76
992215 992216 1 78
992216 991074 1 84
992217 992218 1 57
992218 992219 1 57
992219 991075 1 57
992220 992221 1 60
992221 992222 1 63
992222 991076 1 63
992223 992224 1 66
992224 992225 1 69
992225 991077 1 69
992226 992227 1 73
992227 992228 1 78
992228 991078 1 78
992229 992230 1 58
992230 992231 3 38
992231 991079 3 41
992232 992233 1 69
992233 992234 1 87
992234 991080 1 87
992235 992236 1 70
992236 992237 1 65
992237 991081 1 65
992238 992239 1 66
992239 992240 1 67
992240 991082 1 67
992241 993026 1 63
992242 992243 1 77
992243 991083 1 77
992244 992245 3 25
992245 991084 3 25
992246 992247 3 15
992247 991085 1 30
992248 992249 1 38
992249 992250 1 30
992250 992251 1 42
992251 991086 1 42
992252 992253 1 41
992253 991087 1 43
992254 992255 1 38
992255 992256 1 35
992256 992257 1 43
992257 991088 1 43
992258 992259 1 43
992259 992260 1 46
992260 991089 1 52
992261 992262 1 43
992262 992263 1 30
992263 991090 1 30
992264 992265 1 42
992265 992266 1 51
992266 991091 1 50
992267 992268 1 56
992268 992269 1 54
992269 991092 1 54
992270 992271 1 50
992271 992272 1 46
992272 991093 1 46
992273 992274 1 41
992274 992275 1 43
992275 991094 1 43
992276 992277 1 48
992277 992278 1 59
992278 991095 1 59
992279 992280 1 64
992280 992281 1 63
992281 991096 1 63
992282 992283 1 61
992283 992284 1 63
992284 991097 1 63
992285 992286 1 56
992286 992287 1 59
992287 991098 1 57
993001 992008 1 81
993001 992014 1 81
993002 992032 1 78
993002 992076 1 77
993003 993004 1 66
993004 992038 1 73
993005 992049 1 61
993005 992058 1 65
993006 992055 3 47
993007 992128 1 66
993007 993008 3 42
993008 992091 3 28
993008 992117 3 47
993009 992073 3 29
993010 992079 1 53
993010 992080 1 86
993011 992067 1 71
993012 992088 1 54
993013 992123 1 74
993014 992109 1 73
993015 992115 3 45
993016 992116 1 51
993017 993018 1 78
993018 992126 1 79
993019 993020 1 62
993020 992137 1 64
993021 992140 3 43
993021 992141 3 38
993022 993023 1 74
993023 992161 1 79
993025 992197 3 29
993025 992244 3 20
993026 992242 1 77
