3006 30069 3 29
30069 888301 1 32
3010 888301 1 50
3363 3369 3 21
33671 3363 3 19
33681 3643 1 55
3368 88810 3 35
33691 33671 3 16
3369 33691 3 16
3369 3370 3 25
33701 3369 3 20
3370 34211 3 26
3393 88817 3 48
3395 3393 3 47
3402 8979 3 18
3417 3681 1 42
3419 3417 1 37
34211 33681 1 55
34212 33701 3 26
34212 34213 3 44
34213 34222 3 40
34214 34211 1 62
34221 34214 1 62
34222 888241 3 37
34371 88821 1 58
34372 3450 5 8
34481 34371 3 46
34501 34481 1 35
34502 88812 5 11
3450 34502 5 10
3453 46312 5 3
34551 34554 3 18
34552 88803 3 20
34554 34501 1 30
34554 888302 5 7
3457 3664 5 21
3458 88819 3 16
3459 3615 3 17
3460 78201 3 16
3470 3006 1 32
34781 36662 3 27
34783 88805 3 15
3480 88818 1 36
3480 888302 5 5
3483 88825 5 23
3484 4640 5 10
3488 3489 3 21
3489 88816 3 24
3491 3010 3 20
34982 36661 5 6
3498 3499 3 26
3499 88822 3 22
3500 3499 5 13
3502 3500 5 12
3503 3502 3 15
3504 888231 5 10
3505 3504 5 11
3506 3483 5 24
35071 3488 3 20
35071 3505 5 12
3615 3460 3 17
3632 46322 3 41
3633 3632 1 58
3637 888151 1 60
3639 88814 1 72
3643 88813 1 76
3644 3690 1 71
36511 46502 1 54
3651 4632 1 75
3664 3458 3 18
36661 34783 5 6
36662 3498 1 31
3681 3395 1 46
36821 3491 3 29
36821 34982 5 7
3690 3643 1 78
3692 46332 3 38
3715 3457 3 25
46312 46319 5 22
46319 46512 5 22
46322 36511 1 60
46332 46522 1 59
4640 4643 5 12
4643 3480 5 14
4644 88801 5 22
4646 88806 3 19
4647 46478 3 41
46478 46479 3 38
46479 781 3 31
4648 46488 3 38
46488 762 3 36
4649 46497 5 23
4649 46499 1 74
46495 4649 5 16
46497 877 5 21
46498 4649 1 73
46499 811 1 72
4650 3651 1 62
4651 4631 1 66
4652 4633 1 80
50018 760 5 13
50019 50018 5 11
50045 50049 3 28
50048 893 5 18
50049 50048 5 20
50058 50045 3 27
50059 50058 3 43
50076 7881 5 22
50076 7883 3 30
50078 50079 3 29
50079 50076 3 26
50098 50099 5 19
50099 787 5 22
50106 8212 3 46
50107 50109 1 61
50108 50106 1 53
50109 910 3 48
5011 50119 1 77
50119 930 1 76
50178 50019 5 12
50179 50178 5 16
722 50059 3 35
724 722 1 32
752 875 3 17
756 752 3 16
760 756 3 15
762 50078 3 32
781 50098 5 21
78201 88820 3 16
7861 50179 3 15
7861 7871 5 4
786 7861 5 10
7871 7881 5 6
787 50179 3 27
787 788 5 24
787 7882 5 21
7881 870 5 4
7882 7891 5 18
7883 7891 3 32
788 868 3 26
7891 789 3 32
789 7908 3 28
7908 7909 3 25
7909 793 1 44
7918 7919 3 17
7919 786 5 14
793 7918 3 17
793 877 1 59
8111 46495 5 17
811 818 1 68
8182 8111 3 27
818 821 1 73
8212 8182 3 47
821 50107 1 69
868 870 5 19
870 4651 5 11
875 3402 3 18
877 46498 1 72
877 793 5 20
88801 36821 5 21
88803 34781 3 22
88805 34551 3 15
88806 88807 3 19
88807 3506 3 25
88807 35071 3 16
88810 34212 3 33
88812 88827 5 14
888131 3639 1 77
88813 888131 1 83
888141 3637 1 67
88814 888141 1 72
888151 3633 1 59
888161 3419 1 37
88816 888161 1 36
888171 3644 1 62
88817 888171 1 56
888181 3715 1 30
88818 888181 1 35
888191 3459 3 17
88819 888191 3 16
888201 3470 3 20
88820 888201 3 16
888211 34221 1 58
88821 888211 1 57
888221 3010 1 47
88822 888221 1 33
888231 3503 5 12
888241 88824 3 35
88824 34372 3 25
88825 3484 5 23
88827 34552 3 19
88827 888303 5 9
888301 3692 3 41
888302 888303 5 6
888303 3453 5 7
893 4652 3 47
896 724 3 28
8978 896 3 28
8979 8978 5 12
9101 50108 1 52
910 931 1 53
930 9101 1 61
930 931 1 55
931 4650 3 47
991001 992001 1 91
991002 992004 1 93
991003 992007 1 85
991004 992010 1 72
991005 992013 1 73
991006 992016 1 70
991007 992019 1 69
991008 992022 1 70
991009 992025 1 82
991010 992028 1 69
991011 992031 1 68
991012 992034 1 73
991013 992037 1 55
991015 992042 1 80
991016 992045 1 72
991017 992048 1 62
991018 992051 1 50
991019 992054 5 20
991020 992057 1 51
991021 992060 1 78
991022 992063 1 83
991023 992066 1 83
991024 992069 1 71
991025 992072 3 27
991026 992075 3 27
991027 992078 1 75
991028 992083 1 43
991029 992084 1 73
991030 992086 1 39
991031 992090 1 55
991032 992093 1 45
991033 992098 1 50
991034 992101 1 66
991035 992104 1 44
991035 992105 1 61
991036 992108 1 61
991037 992111 3 49
991038 992114 3 48
991040 992119 1 73
991041 992122 1 77
991042 992125 1 76
991044 992130 1 88
991045 992133 1 62
991046 992136 1 55
991048 992139 1 62
991049 992144 1 70
991050 992145 1 88
991051 992148 1 77
991052 992151 1 79
991053 992154 1 81
991054 992157 1 59
991055 992160 1 63
991056 992163 1 81
991057 992166 1 69
991058 992169 1 63
991059 992172 1 71
991060 992175 1 71
991061 992178 1 72
991062 992181 1 76
991063 992184 1 83
991064 992187 1 76
991065 992190 1 65
991066 992193 1 76
991067 992196 1 63
991068 992199 1 77
991069 992202 3 46
991070 992205 1 71
991071 992208 1 88
991072 992211 1 70
991073 992214 1 69
991074 992217 1 72
991075 992220 1 72
991076 992223 1 78
991077 992226 1 85
991078 992229 1 83
991079 992232 3 42
991080 992235 1 77
991081 992238 1 72
991082 992241 1 60
991084 992246 3 24
991085 992248 1 36
991086 992252 1 41
991087 992254 3 28
991088 992258 1 37
991089 992261 1 53
991090 992264 1 39
991091 992267 1 34
991092 992270 1 33
991093 992273 1 32
991094 992276 3 23
991095 992279 1 40
991096 992282 1 38
991097 992285 1 40
992001 992002 1 92
992002 992003 1 93
992003 991002 1 93
992004 992005 1 89
992005 992006 1 85
992006 991003 1 85
992007 993001 1 73
992008 992009 1 72
992009 991004 1 72
992010 992011 1 78
992011 992012 1 78
992012 991005 1 78
992013 992040 1 75
992014 992015 1 70
992015 991006 1 70
992016 992017 1 70
992017 992018 1 69
992018 991007 1 69
992019 992020 1 68
992020 992021 1 70
992021 991008 1 70
992022 992023 1 77
992023 992024 1 82
992024 991009 1 82
992025 992026 1 75
992026 992027 1 67
992027 991010 1 70
992028 992029 1 70
992029 992030 1 68
992030 991011 1 68
992031 993002 1 68
992032 992033 1 73
992033 991012 1 74
992034 992035 1 66
992035 992036 1 54
992036 991013 1 54
992037 993003 1 53
992038 992039 1 74
992039 991014 1 73
992040 992041 1 80
992041 991015 1 80
992042 992043 1 80
992043 992044 1 80
992044 991016 1 76
992045 992046 1 68
992046 992047 1 62
992047 991017 1 62
992048 993005 1 61
992049 992050 1 50
992050 991018 1 50
992051 992052 3 36
992052 992053 5 23
992053 991019 5 23
992054 993006 5 24
992055 992056 3 39
992056 991020 3 40
992057 993007 1 50
992058 992059 1 78
992059 991021 1 78
992060 992061 1 74
992061 992062 1 77
992062 991022 1 72
992063 992064 1 82
992064 992065 1 83
992065 991023 1 83
992066 993011 1 81
992067 992068 1 71
992068 991024 1 71
992069 992095 1 67
992070 992071 3 26
992071 991025 3 26
992072 993009 3 16
992073 992074 3 27
992074 991026 3 27
992075 993006 5 20
992076 992077 1 75
992077 991027 1 75
992078 993010 1 71
992079 992081 1 47
992080 992082 1 74
992081 991028 1 47
992082 991029 1 74
992083 992070 3 23
992084 993011 1 74
992085 991030 1 39
992086 992087 1 39
992087 993012 1 30
992088 992089 1 55
992089 991031 1 55
992090 993013 1 55
992091 992092 1 45
992092 991032 1 45
992093 992094 3 29
992094 992096 3 22
992095 992097 1 61
992096 991033 3 22
992097 991033 1 61
992098 992099 1 58
992099 992100 1 66
992100 991034 1 66
992101 992102 1 63
992102 992103 1 60
992103 991035 1 61
992104 992085 1 34
992105 992106 1 61
992106 992107 1 61
992107 991036 1 61
992108 993014 1 55
992109 992110 3 49
992110 991037 3 49
992111 992112 3 49
992112 992113 3 48
992113 991038 3 48
992114 993015 3 49
992115 993016 3 47
992116 991039 1 50
992117 992118 1 81
992118 991040 1 81
992119 992120 1 77
992120 992121 1 77
992121 991041 1 77
992122 993013 1 77
992123 992124 1 76
992124 991042 1 76
992125 993017 1 77
992126 992127 1 87
992127 991043 1 84
992128 992129 1 88
992129 991044 1 88
992130 992131 1 81
992131 992132 1 68
992132 991045 1 68
992133 992134 1 64
992134 992135 1 55
992135 991046 1 55
992136 993019 1 58
992137 992138 1 63
992138 991047 1 62
992139 993021 1 69
992140 992142 1 72
992141 992143 1 86
992142 991049 1 72
992143 991050 1 86
992144 992164 1 69
992145 992146 1 83
992146 992147 1 77
992147 991051 1 77
992148 992149 1 78
992149 992150 1 79
992150 991052 1 79
992151 992152 1 84
992152 992153 1 81
992153 991053 1 81
992154 992155 1 73
992155 992156 1 69
992156 991054 1 74
992157 992158 1 58
992158 992159 1 63
992159 991055 1 63
992160 993022 1 62
992161 992162 1 60
992162 991056 1 61
992163 993024 1 79
992164 992165 1 69
992165 991057 1 69
992166 992167 1 64
992167 992168 1 61
992168 991058 1 61
992169 992170 1 68
992170 992171 1 71
992171 991059 1 71
992172 992173 1 75
992173 992174 1 68
992174 991060 1 68
992175 992176 1 72
992176 992177 1 74
992177 991061 1 74
992178 992179 1 74
992179 992180 1 76
992180 991062 1 76
992181 992182 1 75
992182 992183 1 75
992183 991063 1 78
992184 992185 1 79
992185 992186 1 76
992186 991064 1 76
992187 992188 1 70
992188 992189 1 65
992189 991065 1 65
992190 992191 1 69
992191 992192 1 77
992192 991066 1 77
992193 992194 1 72
992194 992195 1 69
992195 991067 1 67
992196 993025 1 62
992197 992198 1 70
992198 991068 1 70
992199 992200 1 63
992200 992201 3 46
992201 991069 3 46
992202 992203 1 58
992203 992204 1 71
992204 991070 1 71
992205 992206 1 83
992206 992207 1 88
992207 991071 1 88
992208 992209 1 83
992209 992210 1 70
992210 991072 1 70
992211 992212 1 69
992212 992213 1 69
992213 991073 1 69
992214 992215 1 72
992215 992216 1 76
992216 991074 1 75
992217 992218 1 71
992218 992219 1 72
992219 991075 1 72
992220 992221 1 75
992221 992222 1 78
992222 991076 1 78
992223 992224 1 81
992224 992225 1 85
992225 991077 1 85
992226 992227 1 84
992227 992228 1 83
992228 991078 1 83
992229 992230 1 56
992230 992231 3 33
992231 991079 3 34
992232 992233 1 70
992233 992234 1 91
992234 991080 1 91
992235 992236 1 77
992236 992237 1 72
992237 991081 1 72
992238 992239 1 72
992239 992240 1 68
992240 991082 1 68
992241 993026 1 63
992242 992243 1 77
992243 991083 1 77
992244 992245 3 24
992245 991084 3 24
992246 992247 3 17
992247 991085 3 24
992248 992249 1 36
992249 992250 1 31
992250 992251 1 41
992251 991086 1 41
992252 992253 1 35
992253 991087 1 31
992254 992255 3 29
992255 992256 3 28
992256 992257 1 37
992257 991088 1 37
992258 992259 1 38
992259 992260 1 43
992260 991089 1 48
992261 992262 1 46
992262 992263 1 39
992263 991090 1 39
992264 992265 1 40
992265 992266 1 39
992266 991091 1 39
992267 992268 1 33
992268 992269 1 32
992269 991092 1 32
992270 992271 1 32
992271 992272 1 32
992272 991093 1 32
992273 992274 3 26
992274 992275 3 24
992275 991094 3 24
992276 992277 1 30
992277 992278 1 39
992278 991095 1 39
992279 992280 1 39
992280 992281 1 39
992281 991096 1 39
992282 992283 1 38
992283 992284 1 40
992284 991097 1 40
992285 992286 1 35
992286 992287 1 33
992287 991098 1 34
993001 992008 1 73
993001 992014 1 71
993002 992032 1 75
993002 992076 1 69
993003 993004 1 62
993004 992038 1 74
993005 992049 1 54
993005 992058 1 76
993006 992055 3 35
993007 992128 1 68
993007 993008 1 54
993008 992091 3 28
993008 992117 1 71
993009 992073 3 27
993010 992079 1 50
993010 992080 1 75
993011 992067 1 73
993012 992088 1 55
993013 992123 1 77
993014 992109 1 55
993015 992115 3 44
993016 992116 3 49
993017 993018 1 86
993018 992126 1 87
993019 993020 1 55
993020 992137 1 58
993021 992140 1 67
993021 992141 1 83
993022 993023 1 61
993023 992161 1 59
993025 992197 1 69
993025 992244 3 21
993026 992242 1 77
2014-11-27T14:28:16
