3006 30069 1 32
30069 888301 1 37
3010 888301 1 47
3363 3369 3 17
33671 3363 3 16
33681 3643 1 55
3368 88810 3 36
33691 33671 5 14
3369 33691 5 14
3369 3370 3 21
33701 3369 3 16
3370 34211 3 22
3393 88817 3 48
3395 3393 3 47
3402 8979 3 28
3417 3681 1 37
3419 3417 1 43
34211 33681 3 43
34212 33701 3 23
34212 34213 1 51
34213 34222 1 51
34214 34211 1 56
34221 34214 1 62
34222 888241 1 53
34371 88821 1 71
34372 3450 3 27
34481 34371 1 67
34501 34481 1 55
34502 88812 5 12
3450 34502 3 15
3453 46312 5 8
34551 34554 1 30
34552 88803 5 10
34554 34501 1 50
34554 888302 5 11
3457 3664 5 24
3458 88819 3 16
3459 3615 3 17
3460 78201 3 20
3470 3006 1 37
34781 36662 3 19
34783 88805 1 32
3480 88818 1 40
3480 888302 5 15
3483 88825 1 71
3484 4640 3 25
3488 3489 3 22
3489 88816 3 23
3491 3010 3 18
34982 36661 1 31
3498 3499 3 26
3499 88822 3 20
3500 3499 3 15
3502 3500 3 15
3503 3502 3 20
3504 888231 5 11
3505 3504 5 10
3506 3483 1 68
35071 3488 3 20
35071 3505 5 9
3615 3460 3 18
3632 46322 1 51
3633 3632 1 73
3637 888151 1 69
3639 88814 1 77
3643 88813 1 77
3644 3690 1 69
36511 46502 1 54
3651 4632 1 75
3664 3458 3 18
36661 34783 3 25
36662 3498 3 25
3681 3395 1 44
36821 3491 1 37
36821 34982 3 35
3690 3643 1 73
3692 46332 3 39
3715 3457 3 29
46312 46319 3 27
46319 46512 3 27
46322 36511 1 59
46332 46522 1 58
4640 4643 5 22
4643 3480 3 26
4644 88801 3 44
4646 88806 3 27
4647 46478 5 11
46478 46479 5 11
46479 781 5 10
4648 46488 3 30
46488 762 3 30
4649 46497 1 50
4649 46499 1 67
46495 4649 1 62
46497 877 3 39
46498 4649 1 57
46499 811 1 71
4650 3651 1 58
4651 4631 1 75
4652 4633 1 68
50018 760 3 38
50019 50018 3 38
50045 50049 1 69
50048 893 3 40
50049 50048 1 55
50058 50045 1 72
50059 50058 1 75
50076 7881 5 13
50076 7883 3 37
50078 50079 3 29
50079 50076 3 25
50098 50099 5 7
50099 787 5 13
50106 8212 1 77
50107 50109 1 57
50108 50106 1 76
50109 910 3 34
5011 50119 1 77
50119 930 1 74
50178 50019 3 38
50179 50178 3 47
722 50059 1 67
724 722 1 60
752 875 1 33
756 752 1 37
760 756 1 38
762 50078 3 32
781 50098 5 8
78201 88820 3 21
7861 50179 1 41
7861 7871 5 8
786 7861 3 24
7871 7881 5 7
787 50179 3 26
787 788 5 6
787 7882 5 10
7881 870 5 6
7882 7891 5 9
7883 7891 3 30
788 868 5 8
7891 789 3 30
789 7908 3 16
7908 7909 5 11
7909 793 1 30
7918 7919 5 12
7919 786 5 14
793 7918 5 13
793 877 3 44
8111 46495 1 63
811 818 1 58
8182 8111 1 67
818 821 1 60
8212 8182 1 71
821 50107 1 57
868 870 5 6
870 4651 5 10
875 3402 1 30
877 46498 1 57
877 793 3 30
88801 36821 3 38
88803 34781 5 10
88805 34551 1 33
88806 88807 3 26
88807 3506 1 55
88807 35071 5 12
88810 34212 3 38
88812 88827 5 11
888131 3639 1 86
88813 888131 1 85
888141 3637 1 75
88814 888141 1 77
888151 3633 1 68
888161 3419 1 41
88816 888161 1 37
888171 3644 1 66
88817 888171 1 60
888181 3715 1 33
88818 888181 1 38
888191 3459 3 16
88819 888191 3 16
888201 3470 3 27
88820 888201 3 21
888211 34221 1 59
88821 888211 1 61
888221 3010 1 44
88822 888221 1 33
888231 3503 3 16
888241 88824 1 60
88824 34372 3 46
88825 3484 1 65
88827 34552 5 12
88827 888303 5 9
888301 3692 3 42
888302 888303 5 13
888303 3453 5 11
893 4652 1 67
896 724 1 52
8978 896 1 47
8979 8978 1 39
9101 50108 1 77
910 931 3 39
930 9101 1 69
930 931 3 49
931 4650 3 27
991001 992001 1 83
991002 992004 1 90
991003 992007 1 77
991004 992010 1 71
991005 992013 1 79
991006 992016 1 67
991007 992019 1 67
991008 992022 1 67
991009 992025 1 73
991010 992028 1 66
991011 992031 1 74
991012 992034 1 74
991013 992037 3 48
991015 992042 1 80
991016 992045 1 77
991017 992048 1 63
991018 992051 3 35
991019 992054 5 15
991020 992057 1 56
991021 992060 1 71
991022 992063 1 74
991023 992066 1 80
991024 992069 1 71
991025 992072 3 27
991026 992075 3 27
991027 992078 1 81
991028 992083 1 41
991029 992084 1 85
991030 992086 1 41
991031 992090 1 55
991032 992093 1 41
991033 992098 3 48
991034 992101 1 63
991035 992104 1 40
991035 992105 1 73
991036 992108 1 63
991037 992111 3 44
991038 992114 1 50
991040 992119 1 69
991041 992122 1 70
991042 992125 1 77
991044 992130 1 78
991045 992133 3 37
991046 992136 5 11
991048 992139 1 83
991049 992144 1 75
991050 992145 1 78
991051 992148 1 73
991052 992151 1 64
991053 992154 1 81
991054 992157 1 63
991055 992160 1 63
991056 992163 1 82
991057 992166 1 66
991058 992169 1 60
991059 992172 1 85
991060 992175 1 86
991061 992178 1 87
991062 992181 1 72
991063 992184 1 72
991064 992187 1 69
991065 992190 1 66
991066 992193 1 70
991067 992196 1 53
991068 992199 1 70
991069 992202 3 26
991070 992205 1 64
991071 992208 1 84
991072 992211 1 70
991073 992214 1 70
991074 992217 1 76
991075 992220 1 64
991076 992223 1 68
991077 992226 1 70
991078 992229 1 80
991079 992232 3 48
991080 992235 1 77
991081 992238 1 74
991082 992241 1 64
991084 992246 1 31
991085 992248 3 28
991086 992252 1 47
991087 992254 1 36
991088 992258 1 42
991089 992261 1 69
991090 992264 1 55
991091 992267 1 49
991092 992270 1 52
991093 992273 1 48
991094 992276 3 20
991095 992279 1 53
991096 992282 1 52
991097 992285 1 59
992001 992002 1 87
992002 992003 1 77
992003 991002 1 90
992004 992005 1 89
992005 992006 1 88
992006 991003 1 88
992007 993001 1 87
992008 992009 1 71
992009 991004 1 83
992010 992011 1 70
992011 992012 1 69
992012 991005 1 69
992013 992040 1 69
992014 992015 1 67
992015 991006 1 67
992016 992017 1 67
992017 992018 1 67
992018 991007 1 67
992019 992020 1 79
992020 992021 1 67
992021 991008 1 67
992022 992023 1 70
992023 992024 1 73
992024 991009 1 73
992025 992026 1 74
992026 992027 1 69
992027 991010 1 63
992028 992029 1 71
992029 992030 1 79
992030 991011 1 75
992031 993002 1 75
992032 992033 1 72
992033 991012 1 77
992034 992035 1 66
992035 992036 3 48
992036 991013 3 48
992037 993003 3 48
992038 992039 1 62
992039 991014 1 67
992040 992041 1 80
992041 991015 1 80
992042 992043 1 82
992043 992044 1 83
992044 991016 1 76
992045 992046 1 71
992046 992047 1 65
992047 991017 1 65
992048 993005 1 61
992049 992050 3 35
992050 991018 3 35
992051 992052 3 26
992052 992053 5 17
992053 991019 5 17
992054 993006 5 22
992055 992056 3 46
992056 991020 3 44
992057 993007 1 58
992058 992059 1 71
992059 991021 1 67
992060 992061 1 78
992061 992062 1 76
992062 991022 1 74
992063 992064 1 78
992064 992065 1 80
992065 991023 1 80
992066 993011 1 74
992067 992068 1 73
992068 991024 1 72
992069 992095 1 67
992070 992071 3 27
992071 991025 3 27
992072 993009 3 16
992073 992074 3 26
992074 991026 3 26
992075 993006 5 21
992076 992077 1 78
992077 991027 1 79
992078 993010 1 80
992079 992081 1 42
992080 992082 1 83
992081 991028 1 42
992082 991029 1 83
992083 992070 3 22
992084 993011 1 82
992085 991030 1 41
992086 992087 1 41
992087 993012 1 30
992088 992089 1 55
992089 991031 1 55
992090 993013 1 55
992091 992092 1 42
992092 991032 1 41
992093 992094 3 28
992094 992096 3 21
992095 992097 1 59
992096 991033 3 21
992097 991033 1 60
992098 992099 1 56
992099 992100 1 64
992100 991034 1 64
992101 992102 1 64
992102 992103 1 61
992103 991035 1 61
992104 992085 1 33
992105 992106 1 68
992106 992107 1 61
992107 991036 1 62
992108 993014 1 56
992109 992110 3 44
992110 991037 3 44
992111 992112 3 48
992112 992113 1 50
992113 991038 1 50
992114 993015 1 51
992115 993016 3 41
992116 991039 3 41
992117 992118 1 77
992118 991040 1 77
992119 992120 1 70
992120 992121 1 70
992121 991041 1 70
992122 993013 1 71
992123 992124 1 72
992124 991042 1 77
992125 993017 1 77
992126 992127 1 81
992127 991043 1 86
992128 992129 1 75
992129 991044 1 75
992130 992131 1 64
992131 992132 3 40
992132 991045 3 44
992133 992134 3 26
992134 992135 5 11
992135 991046 5 11
992136 993019 5 12
992137 992138 1 65
992138 991047 1 68
992139 993021 1 80
992140 992142 1 75
992141 992143 1 78
992142 991049 1 75
992143 991050 1 78
992144 992164 1 68
992145 992146 1 75
992146 992147 1 73
992147 991051 1 73
992148 992149 1 68
992149 992150 1 64
992150 991052 1 64
992151 992152 1 72
992152 992153 1 81
992153 991053 1 81
992154 992155 1 74
992155 992156 1 70
992156 991054 1 76
992157 992158 1 63
992158 992159 1 63
992159 991055 1 63
992160 993022 1 63
992161 992162 1 62
992162 991056 1 68
992163 993024 1 88
992164 992165 1 66
992165 991057 1 66
992166 992167 1 60
992167 992168 1 60
992168 991058 1 60
992169 992170 1 73
992170 992171 1 85
992171 991059 1 85
992172 992173 1 86
992173 992174 1 86
992174 991060 1 86
992175 992176 1 86
992176 992177 1 87
992177 991061 1 87
992178 992179 1 73
992179 992180 1 72
992180 991062 1 72
992181 992182 1 71
992182 992183 1 71
992183 991063 1 76
992184 992185 1 71
992185 992186 1 69
992186 991064 1 69
992187 992188 1 67
992188 992189 1 66
992189 991065 1 66
992190 992191 1 65
992191 992192 1 71
992192 991066 1 71
992193 992194 1 63
992194 992195 1 57
992195 991067 1 59
992196 993025 1 54
992197 992198 1 64
992198 991068 1 64
992199 992200 1 53
992200 992201 3 25
992201 991069 3 25
992202 992203 3 47
992203 992204 1 64
992204 991070 1 64
992205 992206 1 76
992206 992207 1 84
992207 991071 1 84
992208 992209 1 78
992209 992210 1 70
992210 991072 1 70
992211 992212 1 70
992212 992213 1 70
992213 991073 1 70
992214 992215 1 76
992215 992216 1 80
992216 991074 1 85
992217 992218 1 69
992218 992219 1 64
992219 991075 1 64
992220 992221 1 66
992221 992222 1 68
992222 991076 1 68
992223 992224 1 69
992224 992225 1 70
992225 991077 1 70
992226 992227 1 77
992227 992228 1 80
992228 991078 1 80
992229 992230 1 62
992230 992231 3 38
992231 991079 3 40
992232 992233 1 72
992233 992234 1 91
992234 991080 1 91
992235 992236 1 77
992236 992237 1 74
992237 991081 1 74
992238 992239 1 75
992239 992240 1 74
992240 991082 1 74
992241 993026 1 66
992242 992243 1 77
992243 991083 1 77
992244 992245 1 31
992245 991084 1 31
992246 992247 3 15
992247 991085 3 27
992248 992249 3 28
992249 992250 3 29
992250 992251 1 47
992251 991086 1 47
992252 992253 1 42
992253 991087 1 39
992254 992255 1 36
992255 992256 3 29
992256 992257 1 42
992257 991088 1 42
992258 992259 1 43
992259 992260 1 52
992260 991089 1 63
992261 992262 1 61
992262 992263 1 55
992263 991090 1 55
992264 992265 1 58
992265 992266 1 60
992266 991091 1 59
992267 992268 1 48
992268 992269 1 50
992269 991092 1 50
992270 992271 1 49
992271 992272 1 48
992272 991093 1 48
992273 992274 1 30
992274 992275 3 20
992275 991094 3 20
992276 992277 1 30
992277 992278 1 52
992278 991095 1 52
992279 992280 1 52
992280 992281 1 51
992281 991096 1 51
992282 992283 1 55
992283 992284 1 59
992284 991097 1 59
992285 992286 1 50
992286 992287 1 50
992287 991098 1 48
993001 992008 1 73
993001 992014 1 76
993002 992032 1 88
993002 992076 1 76
993003 993004 1 60
993004 992038 1 61
993005 992049 3 48
993005 992058 1 74
993006 992055 3 40
993007 992128 1 71
993007 993008 1 52
993008 992091 3 27
993008 992117 1 73
993009 992073 3 26
993010 992079 1 51
993010 992080 1 85
993011 992067 1 75
993012 992088 1 55
993013 992123 1 77
993014 992109 1 52
993015 992115 3 42
993016 992116 3 42
993017 993018 1 80
993018 992126 1 82
993019 993020 3 42
993020 992137 1 70
993021 992140 1 71
993021 992141 1 77
993022 993023 1 62
993023 992161 1 61
993025 992197 1 61
993025 992244 3 19
993026 992242 1 77
2014-11-21T16:34:18
