22.28599
114.15524
22.28686
114.15353
22.28514
114.15631
22.28599
114.15524
22.27957
114.16553
22.2807
114.16377
22.27963
114.16799
22.27957
114.16553
22.27927
114.17041
22.27963
114.16799
22.27953
114.17456
22.2799
114.17717
22.27525
114.17995
22.27707
114.18111
22.28155
114.18197
22.28124
114.1812
22.28066
114.18064
22.28175
114.18015
22.28066
114.18064
22.28178
114.18013
22.28066
114.18064
22.27993
114.17779
22.28175
114.18015
22.28182
114.18089
22.28205
114.18153
22.28232
114.18349
22.28445
114.18813
22.28803
114.18996
22.28445
114.18813
22.28234
114.18403
22.29312
114.1961
22.29411
114.20223
22.29411
114.20223
22.29336
114.20732
22.29336
114.20732
22.29126
114.21137
22.28182
114.18089
22.28285
114.18206
22.28285
114.18206
22.28367
114.18285
22.2807
114.16377
22.28151
114.16218
22.28803
114.18996
22.29188
114.19351
22.28803
114.18996
22.28445
114.18813
22.28976
114.14262
22.2899
114.14614
22.28363
114.15743
22.28514
114.15631
22.29003
114.21367
22.28807
114.21285
22.28879
114.21789
22.28807
114.21285
22.28879
114.21789
22.28989
114.21359
22.28807
114.21285
22.28981
114.2123
22.3066
114.16372
22.30956
114.16285
22.31062
114.16476
22.309
114.16176
22.32527
114.20845
22.32517
114.20601
22.3199
114.20673
22.32015
114.20644
22.32517
114.20601
22.3243
114.20615
22.32517
114.20601
22.32506
114.20461
22.32506
114.20461
22.32335
114.20302
22.33453
114.20029
22.3352
114.20412
22.33188
114.19548
22.33453
114.20029
22.28151
114.16218
22.28197
114.16044
22.32819
114.19163
22.32976
114.19338
22.32699
114.18913
22.32819
114.19163
22.30917
114.18408
22.30898
114.18387
22.30405
114.18101
22.30211
114.18042
22.29884
114.17997
22.29766
114.1786
22.29515
114.17525
22.29472
114.17377
22.29884
114.17997
22.29463
114.1707
22.29515
114.17525
22.29998
114.16863
22.30263
114.16349
22.3066
114.16372
22.3095
114.17872
22.30466
114.18375
22.3095
114.17872
22.309
114.18068
22.31743
114.17854
22.31506
114.17724
22.31331
114.17693
22.31303
114.17688
22.3241
114.18365
22.32499
114.18561
22.32499
114.18561
22.32603
114.18741
22.30937
114.16767
22.31062
114.16476
22.31033
114.16718
22.31213
114.16654
22.31213
114.16654
22.3116
114.16552
22.31265
114.16897
22.31213
114.16654
22.31294
114.17067
22.31265
114.16897
22.31646
114.174
22.31294
114.17067
22.3185
114.17551
22.31697
114.17436
22.32108
114.17752
22.3185
114.17551
22.31826
114.17895
22.31743
114.17854
22.29463
114.1707
22.29515
114.17525
22.30161
114.23468
22.30033
114.23283
22.30672
114.2334
22.30161
114.23468
22.3085
114.22765
22.30722
114.23302
22.30636
114.22217
22.30624
114.22399
22.31784
114.2086
22.31657
114.21298
22.32958
114.20508
22.32314
114.2044
22.29983
114.23134
22.30057
114.23265
22.29766
114.1786
22.29515
114.17525
22.32976
114.19338
22.33188
114.19548
22.32314
114.2044
22.31784
114.2086
22.30556
114.16008
22.28981
114.14624
22.30092
114.18427
22.29884
114.17997
22.31303
114.17688
22.31068
114.17796
22.31068
114.17796
22.3095
114.17872
22.31504
114.16678
22.29998
114.16682
22.32418
114.17837
22.32392
114.17836
22.27158
114.18018
22.27184
114.18009
22.27931
114.1721
22.27931
114.17237
22.29201
114.19386
22.29177
114.1936
22.29201
114.19386
22.29234
114.19407
22.28981
114.2123
22.29983
114.23134
22.28367
114.18285
22.30213
114.18009
22.2899
114.14614
22.30356
114.15839
22.28523
114.22134
22.28546
114.22134
22.28124
114.1812
22.28093
114.18051
22.28124
114.1812
22.27993
114.17779
22.28093
114.18051
22.28195
114.18002
22.28195
114.18002
22.28285
114.18206
22.28195
114.18002
22.28205
114.18153
22.28178
114.18013
22.28214
114.18108
22.28189
114.18
22.28214
114.18108
22.28232
114.18349
22.28253
114.18398
22.28253
114.18398
22.28445
114.18813
22.28234
114.18403
22.28213
114.18355
22.28213
114.18355
22.28155
114.18197
22.29299
114.19614
22.29223
114.19415
22.29397
114.20228
22.29299
114.19614
22.29324
114.20727
22.29397
114.20228
22.28212
114.15994
22.28363
114.15743
22.28197
114.16044
22.28212
114.15994
22.28989
114.21359
22.29087
114.21176
22.30956
114.16285
22.309
114.16176
22.32453
114.20862
22.32527
114.20845
22.31997
114.20681
22.31784
114.2086
22.3243
114.20615
22.32453
114.20862
22.32515
114.20461
22.32517
114.20601
22.32335
114.20302
22.31997
114.20681
22.3226
114.2037
22.32394
114.2014
22.3226
114.2037
22.32515
114.20461
22.32394
114.2014
22.32333
114.19152
22.32405
114.20141
22.32335
114.20302
22.32336
114.19143
22.32405
114.20141
22.32333
114.19152
22.3212
114.19053
22.31416
114.18734
22.32065
114.19029
22.31408
114.18742
22.30917
114.18408
22.30938
114.18402
22.31416
114.18734
22.30823
114.18233
22.30938
114.18402
22.30898
114.18387
22.30755
114.18153
22.30621
114.17983
22.30718
114.1809
22.30603
114.17998
22.30569
114.17872
22.30718
114.1809
22.30823
114.18233
22.30718
114.1809
22.309
114.18068
22.30585
114.17813
22.30708
114.17424
22.30589
114.17847
22.30569
114.17877
22.31031
114.16745
22.30712
114.17427
22.32193
114.17813
22.3241
114.18365
22.32193
114.17813
22.32108
114.17752
22.29961
114.23152
22.2897
114.21242
22.30712
114.17427
22.30589
114.17847
22.30708
114.17424
22.31033
114.16718
22.31223
114.16717
22.30937
114.16767
22.31223
114.16717
22.31031
114.16745
22.30211
114.18042
22.3002
114.18058
22.3002
114.18058
22.28363
114.18294
22.30033
114.23283
22.29961
114.23152
22.28981
114.14624
22.30337
114.15869
22.27184
114.18009
22.27344
114.1795
22.27344
114.1795
22.27525
114.17995
22.27931
114.17237
22.27953
114.17456
22.29223
114.19415
22.29201
114.19386
22.29177
114.1936
22.28803
114.18996
22.29188
114.19351
22.29201
114.19386
22.29234
114.19407
22.29312
114.1961
22.27916
114.17182
22.27927
114.17041
22.27916
114.17237
22.27916
114.17182
22.28776
114.15066
22.28836
114.14829
22.28845
114.1478
22.28976
114.14262
22.28836
114.14829
22.28845
114.1478
22.28701
114.15306
22.28776
114.15066
22.28686
114.15353
22.28701
114.15306
22.28147
114.17962
22.28195
114.18002
22.28147
114.17962
22.28189
114.18
22.2799
114.17717
22.28008
114.17766
22.28008
114.17766
22.28147
114.17962
22.27707
114.18111
22.27764
114.18114
22.27764
114.18114
22.28066
114.18064
22.29116
114.21131
22.29324
114.20727
22.29126
114.21137
22.29095
114.21187
22.29087
114.21176
22.29116
114.21131
22.29095
114.21187
22.29003
114.21367
22.28546
114.22134
22.28879
114.21789
22.27976
114.17716
22.27916
114.17237
22.27993
114.17779
22.27976
114.17716
22.29998
114.16863
22.30165
114.16796
22.29998
114.16682
22.31223
114.16717
22.30569
114.17872
22.30585
114.17813
22.30569
114.17877
22.30621
114.17983
22.32392
114.17836
22.32355
114.17833
22.32355
114.17833
22.31826
114.17895
22.32355
114.17833
22.32193
114.17813
22.32015
114.20644
22.3226
114.2037
22.30755
114.18153
22.30721
114.18118
22.31657
114.21298
22.31617
114.21347
22.30624
114.22399
22.30652
114.22446
22.32603
114.18741
22.3263
114.18789
22.3352
114.20412
22.33494
114.2046
22.30466
114.18375
22.30424
114.18406
22.29472
114.17377
22.29467
114.1732
22.30165
114.16796
22.30218
114.16792
22.32065
114.19029
22.32124
114.19046
22.3116
114.16552
22.31112
114.16513
22.32067
114.1904
22.31408
114.18742
22.31506
114.17724
22.31331
114.17693
22.30721
114.18118
22.30603
114.17998
22.30721
114.18118
22.306
114.18154
22.31617
114.21347
22.30636
114.22217
22.30652
114.22446
22.3085
114.22765
22.30722
114.23302
22.30672
114.2334
22.3263
114.18789
22.32699
114.18913
22.33494
114.2046
22.32958
114.20508
22.30424
114.18406
22.30092
114.18427
22.29467
114.1732
22.29884
114.17997
22.30218
114.16792
22.30263
114.16349
22.32124
114.19046
22.32336
114.19143
22.31112
114.16513
22.31062
114.16476
22.31697
114.17436
22.31646
114.174
22.3212
114.19053
22.32067
114.1904
22.309
114.16176
22.30556
114.16008
22.309
114.18068
22.306
114.18154
22.306
114.18154
22.30405
114.18101
22.42697
114.20697
22.42687
114.20713
22.42434
114.21098
22.42423
114.21113
22.41703
114.21356
22.41686
114.21353
22.40605
114.20949
22.40597
114.20932
22.40479
114.20734
22.40468
114.20719
22.40948
114.2138
22.40936
114.21394
22.40609
114.21788
22.40595
114.218
22.39967
114.21265
22.39953
114.21253
22.39249
114.20959
22.39231
114.20961
22.38975
114.21059
22.38959
114.21067
22.38803
114.21122
22.38785
114.21123
22.37992
114.21031
22.37974
114.21034
22.37809
114.21123
22.37796
114.21137
22.40216
114.20448
22.40202
114.20436
22.39753
114.20142
22.39738
114.20132
22.39473
114.19963
22.39457
114.19955
22.38864
114.19309
22.38852
114.19295
22.38491
114.18975
22.38476
114.18964
22.38072
114.18654
22.38056
114.18644
22.39154
114.19872
22.39136
114.19871
22.38364
114.20147
22.38346
114.20143
22.38092
114.20071
22.38074
114.20065
22.37402
114.19421
22.37398
114.19403
22.37938
114.19604
22.37949
114.19589
22.38401
114.19038
22.38413
114.19024
22.38035
114.20743
22.38024
114.20727
22.37767
114.20287
22.37762
114.20268
22.37775
114.20284
22.3777
114.20265
22.36624
114.18064
22.36642
114.18067
22.36969
114.17627
22.36956
114.17613
22.37599
114.18748
22.37585
114.1876
22.37024
114.18858
22.37012
114.18843
22.36685
114.18592
22.36673
114.18577
22.36485
114.18232
22.3647
114.18221
22.36485
114.18232
22.36477
114.18215
22.36346
114.18008
22.36332
114.17995
22.35999
114.17605
22.35986
114.17592
22.35807
114.1733
22.35792
114.1732
22.37693
114.17807
22.37687
114.17789
22.37214
114.17487
22.3735
114.17235
22.36709
114.17126
22.36851
114.16865
22.38019
114.17696
22.38032
114.17682
22.38118
114.16868
22.38114
114.16849
22.38081
114.16713
22.38077
114.16695
22.4641
114.05371
22.46393
114.05366
22.45379
114.04977
22.45363
114.04968
22.45384
114.04969
22.45369
114.04958
22.44637
114.04936
22.4462
114.04943
22.44021
114.05457
22.44009
114.05472
22.43582
114.06014
22.43568
114.06026
22.42316
114.06431
22.42298
114.06431
22.41309
114.06236
22.41293
114.06226
22.37433
114.06918
22.37422
114.06934
22.44897
114.04768
22.44891
114.0475
22.44639
114.03998
22.44622
114.0399
22.43627
114.03581
22.43615
114.03567
22.43431
114.02765
22.43434
114.02746
22.43717
114.0165
22.43724
114.01633
22.43679
114.00803
22.43673
114.00784
22.43113
114.00234
22.43096
114.00227
22.42325
113.99542
22.42314
113.99527
22.41548
113.9867
22.41546
113.98651
22.41231
113.97974
22.41214
113.97969
22.40107
113.97722
22.40242
113.97473
22.39487
113.97666
22.39622
113.97426
22.39034
113.97794
22.39016
113.97799
22.38227
113.98145
22.38213
113.98158
22.37529
113.99107
22.37534
113.99125
22.37282
113.99823
22.37266
113.99832
22.36738
114.00679
22.36733
114.00697
22.36427
114.01428
22.36411
114.01438
22.35842
114.01913
22.3583
114.01928
22.35602
114.02726
22.35604
114.02745
22.36227
114.0387
22.36389
114.03641
22.36685
114.05389
22.36843
114.05162
22.3666
114.0659
22.36652
114.06607
22.37173
114.07531
22.37172
114.0755
22.36971
114.08506
22.36965
114.08525
22.37029
114.09389
22.37017
114.09404
22.39372
113.97821
22.39355
113.97829
22.38552
113.98105
22.38687
113.97858
22.37807
113.9825
22.37957
113.98025
22.37312
113.99277
22.37449
113.99043
22.36772
114.00038
22.36762
114.00054
22.36639
114.00994
22.36637
114.01013
22.35688
114.02007
22.35682
114.02025
22.35637
114.0323
22.35643
114.03249
22.36066
114.04213
22.36074
114.0423
22.36577
114.05747
22.36586
114.05764
22.36774
114.06032
22.36777
114.06051
22.3646
114.06958
22.36472
114.06973
22.37058
114.08009
22.37058
114.08028
22.36754
114.09011
22.36753
114.0903
22.42687
114.20713
22.42456
114.21067
22.42456
114.21067
22.42446
114.21083
22.42446
114.21083
22.42434
114.21098
22.42423
114.21113
22.41721
114.2136
22.41721
114.2136
22.41703
114.21356
22.41703
114.21356
22.41703
114.21356
22.41686
114.21353
22.41303
114.21274
22.40625
114.20982
22.40615
114.20965
22.40615
114.20965
22.40605
114.20949
22.40597
114.20932
22.405
114.20766
22.405
114.20766
22.4049
114.2075
22.4049
114.2075
22.40479
114.20734
22.40468
114.20719
22.40244
114.20472
22.40973
114.21352
22.4096
114.21366
22.4096
114.21366
22.40948
114.2138
22.40936
114.21394
22.40635
114.2176
22.40635
114.2176
22.40622
114.21774
22.40622
114.21774
22.40609
114.21788
22.40595
114.218
22.39994
114.21291
22.39994
114.21291
22.3998
114.21278
22.3998
114.21278
22.39967
114.21265
22.39953
114.21253
22.39286
114.20958
22.39286
114.20958
22.39267
114.20958
22.39267
114.20958
22.39249
114.20959
22.39231
114.20961
22.39008
114.21043
22.39008
114.21043
22.38992
114.21051
22.38992
114.21051
22.38975
114.21059
22.38959
114.21067
22.38839
114.21115
22.38839
114.21115
22.38821
114.21119
22.38821
114.21119
22.38803
114.21122
22.38785
114.21123
22.38661
114.21116
22.38028
114.21027
22.3801
114.21029
22.3801
114.21029
22.37992
114.21031
22.37974
114.21034
22.37822
114.2111
22.37822
114.2111
22.37809
114.21123
22.37809
114.21123
22.37809
114.21123
22.37796
114.21137
22.37612
114.21322
22.34058
114.20395
22.34042
114.20386
22.34042
114.20386
22.34026
114.20377
22.40244
114.20472
22.4023
114.2046
22.4023
114.2046
22.40216
114.20448
22.40202
114.20436
22.39784
114.20162
22.39784
114.20162
22.39769
114.20152
22.39769
114.20152
22.39753
114.20142
22.39738
114.20132
22.39505
114.19982
22.39505
114.19982
22.39489
114.19973
22.39489
114.19973
22.39473
114.19963
22.39457
114.19955
22.39388
114.19927
22.38889
114.19337
22.38877
114.19323
22.38877
114.19323
22.38864
114.19309
22.38852
114.19295
22.3852
114.18997
22.3852
114.18997
22.38505
114.18986
22.38505
114.18986
22.38491
114.18975
22.38476
114.18964
22.38271
114.18804
22.38103
114.18674
22.38087
114.18664
22.38087
114.18664
22.38072
114.18654
22.38056
114.18644
22.38029
114.18629
22.3919
114.19877
22.39172
114.19874
22.39172
114.19874
22.39154
114.19872
22.39136
114.19871
22.38399
114.20157
22.38399
114.20157
22.38381
114.20152
22.38381
114.20152
22.38364
114.20147
22.38346
114.20143
22.38126
114.20082
22.38126
114.20082
22.38109
114.20077
22.38109
114.20077
22.38092
114.20071
22.38074
114.20065
22.37487
114.19701
22.37412
114.19459
22.37407
114.1944
22.37407
114.1944
22.37402
114.19421
22.37398
114.19403
22.3705
114.18885
22.37918
114.19637
22.37928
114.1962
22.37928
114.1962
22.37938
114.19604
22.37949
114.19589
22.38266
114.19199
22.38378
114.19068
22.3839
114.19054
22.3839
114.19054
22.38401
114.19038
22.38413
114.19024
22.38271
114.18804
22.38055
114.20775
22.38045
114.20759
22.38045
114.20759
22.38035
114.20743
22.38024
114.20727
22.378
114.20367
22.37779
114.20324
22.37773
114.20306
22.37785
114.20321
22.3778
114.20303
22.37773
114.20306
22.37767
114.20287
22.3778
114.20303
22.37775
114.20284
22.37762
114.20268
22.37918
114.19637
22.3777
114.20265
22.37487
114.19701
22.36606
114.18064
22.36624
114.18064
22.36642
114.18067
22.36659
114.1807
22.36659
114.1807
22.3711
114.17878
22.36992
114.17657
22.36981
114.17641
22.36981
114.17641
22.36969
114.17627
22.36956
114.17613
22.36741
114.17166
22.37628
114.18725
22.37599
114.18748
22.37599
114.18748
22.37599
114.18748
22.37585
114.1876
22.37033
114.18875
22.37033
114.18875
22.37033
114.18875
22.3705
114.18885
22.37037
114.18872
22.37033
114.18875
22.37024
114.18858
22.37037
114.18872
22.37024
114.18858
22.37012
114.18843
22.36697
114.18606
22.36697
114.18606
22.36685
114.18592
22.36685
114.18592
22.36685
114.18592
22.36673
114.18577
22.36502
114.18266
22.36502
114.18266
22.36494
114.18249
22.36494
114.18249
22.36485
114.18232
22.3647
114.18221
22.36606
114.18064
22.36477
114.18215
22.36359
114.18021
22.36359
114.18021
22.36346
114.18008
22.36346
114.18008
22.36346
114.18008
22.36332
114.17995
22.36172
114.17786
22.36026
114.17631
22.36013
114.17618
22.36013
114.17618
22.35999
114.17605
22.35986
114.17592
22.35821
114.17342
22.35821
114.17342
22.35807
114.1733
22.35807
114.1733
22.35807
114.1733
22.35792
114.1732
22.35681
114.17324
22.34644
114.18146
22.34644
114.18146
22.34613
114.18151
22.34631
114.18149
22.37705
114.17844
22.37699
114.17826
22.37699
114.17826
22.37693
114.17807
22.37687
114.17789
22.37401
114.17255
22.37401
114.17255
22.37384
114.17249
22.37384
114.17249
22.37214
114.17487
22.3735
114.17235
22.36741
114.17166
22.36886
114.1691
22.36874
114.16895
22.36874
114.16895
22.36709
114.17126
22.36851
114.16865
22.35793
114.16283
22.34553
114.14251
22.34541
114.14237
22.34541
114.14237
22.34375
114.14468
22.38146
114.17478
22.38159
114.17464
22.38159
114.17464
22.38019
114.17696
22.38032
114.17682
22.38127
114.16905
22.38127
114.16905
22.38123
114.16887
22.38123
114.16887
22.38118
114.16868
22.38114
114.16849
22.3809
114.16751
22.3809
114.16751
22.38086
114.16732
22.38086
114.16732
22.38081
114.16713
22.38077
114.16695
22.38049
114.16582
22.38037
114.13947
22.3805
114.13933
22.3805
114.13933
22.38062
114.13919
22.46393
114.05366
22.45437
114.05015
22.45394
114.04987
22.45379
114.04977
22.45399
114.0498
22.45384
114.04969
22.45379
114.04977
22.45379
114.04977
22.45384
114.04969
22.45384
114.04969
22.45363
114.04968
22.44914
114.04802
22.45369
114.04958
22.44671
114.04922
22.44671
114.04922
22.44654
114.04929
22.44654
114.04929
22.44637
114.04936
22.4462
114.04943
22.44044
114.05427
22.44044
114.05427
22.44032
114.05442
22.44032
114.05442
22.44021
114.05457
22.44009
114.05472
22.43595
114.06001
22.43595
114.06001
22.43582
114.06014
22.43582
114.06014
22.43582
114.06014
22.43568
114.06026
22.42334
114.06431
22.42334
114.06431
22.42316
114.06431
22.42316
114.06431
22.42316
114.06431
22.42298
114.06431
22.41325
114.06245
22.41325
114.06245
22.41309
114.06236
22.41309
114.06236
22.41309
114.06236
22.41293
114.06226
22.40828
114.06002
22.37444
114.06903
22.37433
114.06918
22.37433
114.06918
22.37433
114.06918
22.37422
114.06934
22.3713
114.07395
22.44914
114.04802
22.44905
114.04785
22.44905
114.04785
22.44897
114.04768
22.44891
114.0475
22.4467
114.04017
22.4467
114.04017
22.44655
114.04
22.44655
114.04
22.44639
114.03998
22.44622
114.0399
22.43639
114.03596
22.43639
114.03596
22.43627
114.03581
22.43627
114.03581
22.43627
114.03581
22.43615
114.03567
22.43424
114.02803
22.43424
114.02803
22.43428
114.02784
22.43428
114.02784
22.43431
114.02765
22.43434
114.02746
22.437
114.01685
22.437
114.01685
22.43708
114.01668
22.43708
114.01668
22.43717
114.0165
22.43724
114.01633
22.43691
114.00839
22.43691
114.00839
22.43685
114.00821
22.43685
114.00821
22.43679
114.00803
22.43673
114.00784
22.43148
114.00246
22.43148
114.00246
22.43131
114.0024
22.43131
114.0024
22.43113
114.00234
22.43096
114.00227
22.42346
113.99574
22.42346
113.99574
22.42336
113.99558
22.42336
113.99558
22.42325
113.99542
22.42314
113.99527
22.41554
113.98708
22.41554
113.98708
22.41551
113.98689
22.41551
113.98689
22.41548
113.9867
22.41546
113.98651
22.41266
113.97985
22.41266
113.97985
22.41249
113.97979
22.41249
113.97979
22.41231
113.97974
22.41214
113.97969
22.40143
113.97729
22.40143
113.97729
22.40125
113.97726
22.40125
113.97726
22.40107
113.97722
22.40242
113.97473
22.39687
113.97644
22.39657
113.97416
22.3964
113.97421
22.3964
113.97421
22.39487
113.97666
22.39622
113.97426
22.39204
113.97544
22.39204
113.97544
22.39186
113.97549
22.39186
113.97549
22.39034
113.97794
22.39016
113.97799
22.3824
113.98132
22.3824
113.98132
22.38227
113.98145
22.38227
113.98145
22.38227
113.98145
22.38213
113.98158
22.37523
113.99088
22.37523
113.99088
22.37529
113.99107
22.37529
113.99107
22.37529
113.99107
22.37534
113.99125
22.37298
113.99814
22.37298
113.99814
22.37282
113.99823
22.37282
113.99823
22.37282
113.99823
22.37266
113.99832
22.36742
114.0066
22.36742
114.0066
22.36738
114.00679
22.36738
114.00679
22.36738
114.00679
22.36733
114.00697
22.36458
114.01408
22.36458
114.01408
22.36443
114.01418
22.36443
114.01418
22.36427
114.01428
22.36411
114.01438
22.3587
114.01889
22.3587
114.01889
22.35856
114.01901
22.35856
114.01901
22.35842
114.01913
22.3583
114.01928
22.356
114.02687
22.356
114.02687
22.35601
114.02706
22.35601
114.02706
22.35602
114.02726
22.35604
114.02745
22.36369
114.03609
22.36369
114.03609
22.36379
114.03625
22.36379
114.03625
22.36227
114.0387
22.36389
114.03641
22.36827
114.05107
22.36827
114.05107
22.36833
114.05125
22.36833
114.05125
22.36685
114.05389
22.36843
114.05162
22.36832
114.06312
22.36832
114.06312
22.36822
114.06328
22.36822
114.06328
22.3666
114.0659
22.36652
114.06607
22.37171
114.07512
22.37171
114.07512
22.37173
114.07531
22.37173
114.07531
22.37173
114.07531
22.37172
114.0755
22.36982
114.08469
22.36982
114.08469
22.36976
114.08488
22.36976
114.08488
22.36971
114.08506
22.36965
114.08525
22.3704
114.09374
22.3704
114.09374
22.37029
114.09389
22.37029
114.09389
22.37029
114.09389
22.37017
114.09404
22.35791
114.09885
22.37227
114.10685
22.37214
114.10698
22.37214
114.10698
22.37202
114.10712
22.39405
113.97805
22.39388
113.97813
22.39388
113.97813
22.39372
113.97821
22.39355
113.97829
22.3857
113.98106
22.3857
113.98106
22.38552
113.98105
22.38687
113.97858
22.38669
113.97854
22.38669
113.97854
22.37963
113.97986
22.37963
113.97986
22.3796
113.98005
22.3796
113.98005
22.37807
113.9825
22.37957
113.98025
22.37464
113.99032
22.37464
113.99032
22.37312
113.99277
22.37449
113.99043
22.37281
113.99298
22.37281
113.99298
22.36789
114.00004
22.36789
114.00004
22.3678
114.00021
22.3678
114.00021
22.36772
114.00038
22.36762
114.00054
22.36643
114.00955
22.36643
114.00955
22.36641
114.00974
22.36641
114.00974
22.36639
114.00994
22.36637
114.01013
22.35696
114.01989
22.35696
114.01989
22.35688
114.02007
22.35688
114.02007
22.35688
114.02007
22.35682
114.02025
22.35624
114.03194
22.35624
114.03194
22.3563
114.03212
22.3563
114.03212
22.35637
114.0323
22.35643
114.03249
22.36051
114.04178
22.36051
114.04178
22.36058
114.04195
22.36058
114.04195
22.36066
114.04213
22.36074
114.0423
22.36561
114.05713
22.36561
114.05713
22.36568
114.0573
22.36568
114.0573
22.36577
114.05747
22.36586
114.05764
22.36764
114.05995
22.36764
114.05995
22.36771
114.06013
22.36771
114.06013
22.36774
114.06032
22.36777
114.06051
22.36436
114.06929
22.36436
114.06929
22.36448
114.06944
22.36448
114.06944
22.3646
114.06958
22.36472
114.06973
22.37051
114.07971
22.37051
114.07971
22.37055
114.0799
22.37055
114.0799
22.37058
114.08009
22.37058
114.08028
22.36755
114.08991
22.36755
114.08991
22.36754
114.09011
22.36754
114.09011
22.36754
114.09011
22.36753
114.0903
22.36913
114.09945
22.36913
114.09945
22.36924
114.0996
22.36924
114.0996
22.36913
114.09945
22.41303
114.21274
22.40625
114.20982
22.41303
114.21274
22.40973
114.21352
22.38661
114.21116
22.38028
114.21027
22.38661
114.21116
22.38055
114.20775
22.37612
114.21322
22.34156
114.20455
22.34156
114.20455
22.34058
114.20395
22.39388
114.19927
22.38889
114.19337
22.39388
114.19927
22.3919
114.19877
22.38271
114.18804
22.38103
114.18674
22.38029
114.18629
22.38146
114.17478
22.38029
114.18629
22.38002
114.18618
22.38002
114.18618
22.37628
114.18725
22.38002
114.18618
22.37705
114.17844
22.38266
114.19199
22.38378
114.19068
22.378
114.20367
22.37779
114.20324
22.378
114.20367
22.37785
114.20321
22.37487
114.19701
22.37412
114.19459
22.3711
114.17878
22.36992
114.17657
22.36741
114.17166
22.36886
114.1691
22.36172
114.17786
22.36026
114.17631
22.35681
114.17324
22.34644
114.18146
22.34644
114.18146
22.34613
114.18151
22.35793
114.16283
22.3463
114.14765
22.3463
114.14765
22.34553
114.14251
22.38049
114.16582
22.37886
114.14102
22.37886
114.14102
22.38037
114.13947
22.45437
114.05015
22.45394
114.04987
22.45437
114.05015
22.45399
114.0498
22.40828
114.06002
22.37559
114.06739
22.37559
114.06739
22.37444
114.06903
22.39687
113.97644
22.39657
113.97416
22.39687
113.97644
22.39405
113.97805
22.35791
114.09885
22.37227
114.10685
